version https://git-lfs.github.com/spec/v1
oid sha256:aa5b99e62341c861ef2ee23289cd219b0634cf921cb576dd685548e9fcf045e8
size 3211
